.Random.seed <-
c(403L, 519L, -568884665L, 975985259L, -1172171066L, 1173941748L, 
1257551035L, -518439220L, 996275227L, -1401072748L, 2133165646L, 
2117877103L, 741669953L, -761381554L, 1088374351L, 105284256L, 
1495991203L, 1268514630L, 813059875L, -545167439L, -1952880094L, 
-853111222L, 4306043L, 889233441L, -50917702L, -385324566L, 934498550L, 
-143709713L, 983301519L, 1658886657L, -2038339793L, 1273242882L, 
-1495966110L, -598009272L, 1400165016L, -547067623L, -1747275852L, 
-1215284681L, 1697243242L, -1167883128L, -1774256486L, 1605584640L, 
942387514L, -372087476L, -859109012L, 1845274365L, 569353552L, 
-650717377L, 1142653012L, -192672790L, 1308489302L, 1863284455L, 
987116240L, 1199435677L, -427099347L, -1766457212L, 1925222298L, 
-1363425079L, -1945052944L, -1035544702L, -705793685L, -951008161L, 
264219018L, 897040727L, 870046152L, -595550428L, 1604261917L, 
-1103244878L, -203388355L, -139365613L, 1180303401L, -380343208L, 
713009105L, 1525504871L, 1147582282L, -341294120L, 1680830517L, 
953042309L, 1819786748L, 1521353460L, 1724932986L, -92050854L, 
-1655402274L, 1751204449L, 1294494476L, -1537419413L, -105957226L, 
1600112034L, -1193425206L, 1509167473L, 1949861088L, 472817907L, 
1917845553L, 796649960L, 1081205148L, 334239875L, -1014015412L, 
-413611058L, -1578496236L, -104118780L, -536325008L, -1716276943L, 
-425100443L, -1417025028L, -1684089271L, 246963134L, -1135651165L, 
166151183L, -66673042L, 334616111L, -545332961L, -389292948L, 
-713359387L, 146018434L, -413829246L, 1561644740L, -146184783L, 
543129491L, -936913894L, -1120274102L, 1715015720L, 1798800507L, 
705395657L, 555254201L, 1038174685L, -62052053L, -573726069L, 
1340534579L, 525524558L, 382687104L, 451647619L, 1471934103L, 
2059364121L, 1677515979L, 545001294L, -250484950L, -1008833695L, 
-1771797865L, -47246815L, -1403189898L, 1902739661L, -418792693L, 
255204385L, -1835030377L, -740914182L, 1344341987L, 947432836L, 
-314022050L, -794146437L, -1091498590L, -481668851L, -1447429472L, 
-963827420L, 1018704748L, 1464548543L, 691962315L, -947404219L, 
-1840793941L, 1304116425L, 165960089L, -1127817061L, -1177124214L, 
816979098L, 1832223211L, 788951713L, 385931489L, -1837780528L, 
1230395318L, -1220360530L, -962985940L, -1281561547L, -1697729046L, 
1328570255L, 428549804L, 41949107L, -797271451L, -462854959L, 
-204498755L, 1792339405L, 483789965L, 1301289868L, 2056227793L, 
278552859L, -42802728L, 1154772515L, 1891811500L, 1597426918L, 
-1800869735L, -1734411714L, -156785902L, -980641799L, 158794734L, 
468251285L, -1134338785L, 163568695L, -472493919L, -1878298538L, 
-66860937L, -610166370L, 73936593L, -1088712754L, 179678802L, 
605305361L, -1480995689L, 8259321L, 1351519597L, -1300398922L, 
1429832830L, -1120724122L, 1709400082L, 1270712107L, 1077621203L, 
1721194378L, -988298597L, 1081644989L, 807087570L, 1445821010L, 
-2019656398L, 162959416L, -1837800116L, 725763821L, -1816671703L, 
-682186675L, 249986647L, 315109915L, 200229949L, -1625553585L, 
-1889360244L, -235399578L, 1398227690L, 170665582L, 134064252L, 
-1751418376L, 1301995716L, 832070658L, -528991334L, -1549068326L, 
-1061001019L, -218640035L, 2025840413L, 32834531L, -732081164L, 
1802855254L, 1381479363L, 1974685290L, 193078855L, -94687807L, 
367000427L, -781020548L, -969111973L, -1376277957L, 1070165533L, 
-1527197309L, -1300971803L, 1485203014L, -87146684L, -1916052330L, 
752423413L, -598266081L, -1204864662L, -1980899207L, -1569057717L, 
885711182L, -2112333542L, 1455235515L, -1574097213L, 2030580794L, 
-1972255676L, -1000190641L, 427373809L, 942784185L, 373079679L, 
731961726L, 818538265L, -1782074084L, 910227865L, -1780498953L, 
363306859L, -1937497261L, 366358868L, -1141382853L, 255821475L, 
1365143091L, 1318953851L, -383905561L, -848737204L, 617773865L, 
-476871291L, 1869825137L, -1824497168L, -1128285432L, -401791807L, 
-1997934236L, 491209739L, -2142641440L, 1064497137L, -884951680L, 
289634624L, -756367793L, -988558097L, -139519481L, -1726281935L, 
-1898923609L, 920775029L, -1517481777L, 1162759333L, 1532082953L, 
-814683520L, -30999903L, 2005657997L, 481773330L, 868064499L, 
1460818342L, 2092869764L, -1108755034L, -996547276L, 1128851578L, 
-1810773596L, 355982389L, 2043770947L, 2142350881L, 224930019L, 
83444476L, 327009311L, 1960648427L, 446451135L, 2100384564L, 
1122084613L, 704719602L, -35421540L, -1323487913L, -105232578L, 
1151663170L, -350686703L, -1306478147L, 1679368672L, -1138760649L, 
647710011L, 240508935L, -1894498399L, 1147598838L, -306664413L, 
-394074327L, -1659302173L, -1871709370L, -768741849L, 1352494346L, 
-1096805174L, 1232267195L, 316251788L, -621435175L, -1583719188L, 
-144538524L, 1450000909L, -1949342704L, 1280234460L, -2063363683L, 
514647691L, -1241463215L, -1952634857L, -240680545L, -1885913429L, 
667793801L, -475997843L, 1564324078L, 308883291L, -1118095614L, 
1135603961L, 1986638370L, -434778905L, 1828435595L, -1437661428L, 
-967436905L, -6207867L, 1980586667L, -1886428359L, 420033699L, 
-1742445158L, -1503902267L, 647768060L, 350835650L, -855274009L, 
-1473049648L, 1866436076L, 759267335L, -157644541L, -194827149L, 
805107032L, 801235447L, 1267548223L, -909272792L, 190110250L, 
-1308622043L, -271886837L, 299090012L, -425815326L, 1503776320L, 
-468272641L, 457812703L, -1767886750L, 1065765045L, -1892404663L, 
149875316L, -1800392264L, 1961311047L, -1948344868L, -1523719533L, 
1633682656L, 1696826415L, -15369752L, 1488895706L, -1701260691L, 
-2129773157L, -1760655330L, -859780985L, 1489339047L, -1219071217L, 
-1872338657L, -439137990L, -314303866L, -614573299L, 1580808908L, 
-2019777697L, -1329108320L, 516058346L, -1207846199L, -1096777181L, 
172030949L, -108278456L, -2007093884L, 270674352L, 840450271L, 
201042728L, 543565271L, 1269909402L, 1331531405L, -621519652L, 
-341637152L, -956799709L, -610326169L, -549267942L, 160357021L, 
1002212023L, 1726073515L, -1465276370L, -1018525068L, 1739465132L, 
-2037315202L, 1388108079L, 56772404L, 1288732719L, -1894605890L, 
47269576L, -454881392L, -1337574185L, 2141753922L, -1075240193L, 
-502045295L, 1037871891L, -1188976408L, 1638416186L, 4885045L, 
-1228480526L, -858966892L, -759751294L, -1338603433L, -926498502L, 
-1055058328L, -800800790L, -283307600L, -1243761491L, 2011627193L, 
1375161272L, -244596724L, -411025075L, -793683723L, -562263751L, 
1370791248L, 575407659L, 1451480240L, 1757436870L, -743637430L, 
1014467132L, -1294499799L, -344299603L, 795721268L, -1999114565L, 
1553927298L, -1209049824L, 702316031L, -1530266147L, 2107750245L, 
-896320365L, 943472646L, -624782251L, 424738686L, -308066831L, 
2136314543L, -530516171L, 1179553854L, -1483285747L, 1980611281L, 
-698920830L, -1370894803L, -371019567L, -796971827L, 1562146124L, 
-40301452L, 1660036867L, 1594187512L, -1091906111L, -1884844145L, 
-929546839L, -335552113L, 312000877L, -2000663233L, -1799528591L, 
1612883689L, -389344303L, 1771550631L, -2030067280L, 1435014087L, 
-726853129L, -870511687L, -1962811962L, -900021276L, 304831276L, 
623963601L, -1047607055L, -1322312799L, 992178761L, 728905412L, 
-1071451203L, -1149005476L, -83759854L, -283284496L, 1968821709L, 
1781105517L, -1851182511L, -1565754705L, 1573039713L, 2115227408L, 
-1023864290L, -408120812L, 1672513732L, 1500306924L, 2096401939L, 
972273003L, 298629289L, 1984988078L, 860739440L, -1350971883L, 
-2025942907L, -1918759870L, -1927181529L, -515093982L, 1456452497L, 
-624562363L, -1066356926L, -896766325L, 512229879L, 6713175L, 
-1758208109L, 83633705L, -1822537059L, -243632112L, 2058768402L, 
-703241435L, -206551946L, -947960689L, 1424551821L, 2011484235L, 
1190854455L, -437140420L, -2083908637L, 430406088L, 335098239L, 
1545787113L, 1373316312L, -2072797111L, 1508019030L, 11923640L, 
-1931909285L, -1391296817L, 241783025L, 1767052688L, 1077874888L, 
1960190295L, 549088703L, -2063716321L, 405098956L, 913061081L, 
2061510153L, -340484425L, -557805947L, -2005665275L, -686089598L, 
-300152180L, 1794775053L, 856680018L, 410404617L, -1949485470L, 
